0.10000000000000001 1
0.20000000000000001 1
0.30000000000000004 1
0.40000000000000002 1
0.5 1
0.59999999999999998 1
0.69999999999999996 2
0.79999999999999993 2
0.89999999999999991 2
0.99999999999999989 2
1.0999999999999999 2
1.2 4
1.3 4
1.4000000000000001 4
1.5000000000000002 4
1.6000000000000003 4
1.7000000000000004 7
1.8000000000000005 8
1.9000000000000006 8
2.0000000000000004 8
2.1000000000000005 8
2.2000000000000006 9
2.3000000000000007 15
2.4000000000000008 16
2.5000000000000009 16
2.600000000000001 16
2.7000000000000011 16
2.8000000000000012 21
2.9000000000000012 1
3.0000000000000013 1
3.1000000000000014 1
3.2000000000000015 1
3.3000000000000016 1
3.4000000000000017 1
3.5000000000000018 2
3.6000000000000019 2
3.700000000000002 2
3.800000000000002 2
3.9000000000000021 2
4.0000000000000018 2
4.1000000000000014 3
4.2000000000000011 3
4.3000000000000007 3
4.4000000000000004 3
4.5 3
4.5999999999999996 5
4.6999999999999993 5
4.7999999999999989 5
4.8999999999999986 5
4.9999999999999982 5
5.0999999999999979 5
5.1999999999999975 7
5.2999999999999972 7
5.3999999999999968 7
5.4999999999999964 7
5.5999999999999961 7
5.6999999999999957 7
5.7999999999999954 7
5.899999999999995 7
5.9999999999999947 7
6.0999999999999943 1
6.199999999999994 1
6.2999999999999936 1
6.3999999999999932 1
6.4999999999999929 1
6.5999999999999925 2
6.6999999999999922 2
6.7999999999999918 2
6.8999999999999915 2
6.9999999999999911 2
7.0999999999999908 2
7.1999999999999904 3.33333
7.2999999999999901 3.33333
7.3999999999999897 3.33333
7.4999999999999893 3.33333
7.599999999999989 3.33333
7.6999999999999886 4.16441
7.7999999999999883 4.16441
7.8999999999999879 4.16441
7.9999999999999876 4.16441
8.0999999999999872 4.16441
8.1999999999999869 4.63158
8.2999999999999865 5.05378
8.3999999999999861 5.05378
8.4999999999999858 5.05378
8.5999999999999854 5.05378
8.6999999999999851 5.05378
8.7999999999999847 5.97588
8.8999999999999844 5.97588
8.999999999999984 5.97588
9.0999999999999837 5.97588
9.1999999999999833 5.97588
9.2999999999999829 6.61927
9.3999999999999826 6.77034
9.4999999999999822 6.77034
9.5999999999999819 6.77034
9.6999999999999815 6.77034
9.7999999999999812 7.0626
9.8999999999999808 7.61288
9.9999999999999805 7.61288
10.09999999999998 7.61288
10.19999999999998 7.61288
10.299999999999979 7.61288
10.399999999999979 8.48916
10.499999999999979 8.48916
10.599999999999978 8.48916
10.699999999999978 8.48916
10.799999999999978 8.48916
10.899999999999977 9.06265
10.999999999999977 9.38974
11.099999999999977 9.38974
11.199999999999976 9.38974
11.299999999999976 9.38974
11.399999999999975 9.7057
11.499999999999975 10.3083
11.599999999999975 10.3083
11.699999999999974 10.3083
11.799999999999974 10.3083
11.899999999999974 10.4053
11.999999999999973 10.9692
12.099999999999973 11.2405
12.199999999999973 11.2405
12.299999999999972 11.2405
12.399999999999972 11.2405
12.499999999999972 11.7641
12.599999999999971 12.1831
12.699999999999971 12.1831
12.799999999999971 12.1831
12.89999999999997 12.1831
12.99999999999997 12.5082
13.099999999999969 12.9805
13.199999999999969 13.1341
13.299999999999969 13.1341
13.399999999999968 13.1341
13.499999999999968 13.2859
13.599999999999968 13.7313
13.699999999999967 14.0917
13.799999999999967 14.0917
13.899999999999967 14.0917
13.999999999999966 14.0917
14.099999999999966 14.5122
14.199999999999966 14.9879
14.299999999999965 15.0546
14.399999999999965 15.0546
14.499999999999964 15.0546
14.599999999999964 15.3186
14.699999999999964 15.7698
14.799999999999963 16.022
14.899999999999963 16.022
14.999999999999963 16.022
15.099999999999962 16.2085
15.199999999999962 16.5752
15.299999999999962 16.934
15.399999999999961 16.993
15.499999999999961 16.993
15.599999999999961 17.0519
15.69999999999996 17.4008
15.79999999999996 17.7428
15.899999999999959 17.9113
15.999999999999959 17.9113
16.099999999999959 17.9113
16.19999999999996 18.1887
16.299999999999962 18.5702
16.399999999999963 18.8379
16.499999999999964 18.8379
16.599999999999966 18.8379
16.699999999999967 18.9967
16.799999999999969 19.3622
16.89999999999997 19.67
16.999999999999972 19.7715
17.099999999999973 19.7715
17.199999999999974 19.8221
17.299999999999976 20.1726
17.399999999999977 20.4682
17.499999999999979 20.7114
17.59999999999998 20.7114
17.699999999999982 20.7114
17.799999999999983 20.9994
17.899999999999984 21.2835
17.999999999999986 21.6103
18.099999999999987 21.6565
18.199999999999989 21.6565
18.29999999999999 21.8406
18.399999999999991 22.1139
18.499999999999993 22.4286
18.599999999999994 22.6064
18.699999999999996 22.6064
18.799999999999997 22.6948
18.899999999999999 23.0014
19 23.2611
19.100000000000001 23.5178
19.200000000000003 23.5603
19.300000000000004 23.5603
19.400000000000006 23.8559
19.500000000000007 24.1063
19.600000000000009 24.3541
19.70000000000001 24.5179
19.800000000000011 24.5179
19.900000000000013 24.7212
20.000000000000014 24.9629
20.100000000000016 25.2023
20.200000000000017 25.4788
20.300000000000018 25.4788
20.40000000000002 25.5963
20.500000000000021 25.8299
20.600000000000023 26.0997
20.700000000000024 26.3287
20.800000000000026 26.4425
20.900000000000027 26.4803
21.000000000000028 26.7061
21.10000000000003 26.9671
21.200000000000031 27.1888
21.300000000000033 27.4088
21.400000000000034 27.4088
21.500000000000036 27.627
21.600000000000037 27.8434
21.700000000000038 28.0582
21.80000000000004 28.3068
21.900000000000041 28.3774
22.000000000000043 28.5181
22.100000000000044 28.7278
22.200000000000045 28.9361
22.300000000000047 29.1771
22.400000000000048 29.3481
22.50000000000005 29.4162
22.600000000000051 29.6196
22.700000000000053 29.8216
22.800000000000054 30.0555
22.900000000000055 30.2546
23.000000000000057 30.3207
23.100000000000058 30.518
23.20000000000006 30.7466
23.300000000000061 30.9413
23.400000000000063 31.1347
23.500000000000064 31.2949
23.600000000000065 31.4226
23.700000000000067 31.6447
23.800000000000068 31.8338
23.90000000000007 32.0218
24.000000000000071 32.2398
24.100000000000072 32.3637
24.200000000000074 32.5486
24.300000000000075 32.7325
24.400000000000077 32.9458
24.500000000000078 33.1275
24.60000000000008 33.2781
24.700000000000081 33.458
24.800000000000082 33.637
24.900000000000084 33.8445
25.000000000000085 34.0214
25.100000000000087 34.1974
25.200000000000088 34.3725
25.30000000000009 34.5467
25.400000000000091 34.7488
25.500000000000092 34.9211
25.600000000000094 35.0926
25.700000000000095 35.2916
25.800000000000097 35.4612
25.900000000000098 35.6301
26.000000000000099 35.8261
26.100000000000101 35.9932
26.200000000000102 36.1596
26.300000000000104 36.3528
26.400000000000105 36.5175
26.500000000000107 36.6815
26.600000000000108 36.8719
26.700000000000109 37.0343
26.800000000000111 37.1961
26.900000000000112 37.3838
27.000000000000114 37.5441
27.100000000000115 37.7036
27.200000000000117 37.8889
27.300000000000118 38.0469
27.400000000000119 38.2044
27.500000000000121 38.3872
27.600000000000122 38.5433
27.700000000000124 38.6987
27.800000000000125 38.8792
27.900000000000126 38.982
28.000000000000128 1
28.100000000000129 1
28.200000000000131 1
28.300000000000132 1
28.400000000000134 1
28.500000000000135 2
28.600000000000136 2
28.700000000000138 2
28.800000000000139 2
28.900000000000141 2
29.000000000000142 2
29.100000000000144 4
29.200000000000145 4
29.300000000000146 4
29.400000000000148 4
29.500000000000149 4
29.600000000000151 8
29.700000000000152 8
29.800000000000153 8
29.900000000000155 8
30.000000000000156 8
30.100000000000158 10
30.200000000000159 16
30.300000000000161 16
30.400000000000162 16
30.500000000000163 16
30.600000000000165 16
30.700000000000166 19.1575
30.800000000000168 1
30.900000000000169 1
31.000000000000171 1
31.100000000000172 1
31.200000000000173 1
31.300000000000175 1
31.400000000000176 2
31.500000000000178 2
31.600000000000179 2
31.70000000000018 2
31.800000000000182 2
31.900000000000183 3
32.000000000000185 3
32.100000000000186 3
32.200000000000188 3
32.300000000000189 3
32.40000000000019 3
32.500000000000192 5
32.600000000000193 5
32.700000000000195 5
32.800000000000196 5
32.900000000000198 5
33.000000000000199 6
33.1000000000002 9
33.200000000000202 9
33.300000000000203 9
33.400000000000205 9
33.500000000000206 9
33.600000000000207 1
33.700000000000209 1
33.80000000000021 1
33.900000000000212 1
34.000000000000213 1
34.100000000000215 2
34.200000000000216 2
34.300000000000217 2
34.400000000000219 2
34.50000000000022 2
34.600000000000222 3
34.700000000000223 4
34.800000000000225 4
34.900000000000226 4
35.000000000000227 4
35.100000000000229 4
35.20000000000023 4.92064
35.300000000000232 4.92064
35.400000000000233 4.92064
35.500000000000234 4.92064
35.600000000000236 4.92064
35.700000000000237 5.50703
35.800000000000239 5.68862
35.90000000000024 5.68862
36.000000000000242 5.68862
36.100000000000243 5.68862
36.200000000000244 5.86441
36.300000000000246 6.51909
36.400000000000247 6.51909
36.500000000000249 6.51909
36.60000000000025 6.51909
36.700000000000252 6.51909
36.800000000000253 7.3909
36.900000000000254 7.3909
37.000000000000256 7.3909
37.100000000000257 7.3909
37.200000000000259 7.3909
37.30000000000026 7.91801
37.400000000000261 8.29104
37.500000000000263 8.29104
37.600000000000264 8.29104
37.700000000000266 8.29104
37.800000000000267 8.53053
37.900000000000269 9.21125
38.00000000000027 9.21125
38.100000000000271 9.21125
38.200000000000273 9.21125
38.300000000000274 9.21125
38.400000000000276 9.94607
38.500000000000277 10.1462
38.600000000000279 10.1462
38.70000000000028 10.1462
38.800000000000281 10.1462
38.900000000000283 10.6297
39.000000000000284 11.0921
39.100000000000286 11.0921
39.200000000000287 11.0921
39.300000000000288 11.0921
39.40000000000029 11.3604
39.500000000000291 11.8787
39.600000000000293 12.0464
39.700000000000294 12.0464
39.800000000000296 12.0464
39.900000000000297 12.1295
40.000000000000298 12.616
40.1000000000003 13.0075
40.200000000000301 13.0075
40.300000000000303 13.0075
40.400000000000304 13.0075
40.500000000000306 13.3874
40.600000000000307 13.9018
40.700000000000308 13.9737
40.80000000000031 13.9737
40.900000000000311 13.9737
41.000000000000313 14.2578
41.100000000000314 14.6736
41.200000000000315 14.8771
41.300000000000317 14.8771
41.400000000000318 14.8771
41.50000000000032 15.0112
41.600000000000321 15.4066
41.700000000000323 15.792
41.800000000000324 15.792
41.900000000000325 15.792
42.000000000000327 15.792
42.100000000000328 16.1682
42.20000000000033 16.5359
42.300000000000331 16.7166
42.400000000000333 16.7166
42.500000000000334 16.7166
42.600000000000335 16.9546
42.700000000000337 17.3633
42.800000000000338 17.6494
42.90000000000034 17.6494
43.000000000000341 17.6494
43.100000000000342 17.7625
43.200000000000344 18.1529
43.300000000000345 18.481
43.400000000000347 18.589
43.500000000000348 18.589
43.60000000000035 18.6428
43.700000000000351 18.9624
43.800000000000352 19.2766
43.900000000000354 19.5346
44.000000000000355 19.5346
44.100000000000357 19.5346
44.200000000000358 19.7892
44.30000000000036 20.0905
44.400000000000361 20.4364
44.500000000000362 20.4853
44.600000000000364 20.4853
44.700000000000365 20.6314
44.800000000000367 20.9206
44.900000000000368 21.2529
45.000000000000369 21.4405
45.100000000000371 21.4405
45.200000000000372 21.4871
45.300000000000374 21.8108
45.400000000000375 22.0845
45.500000000000377 22.3548
45.600000000000378 22.3995
45.700000000000379 22.3995
45.800000000000381 22.6661
45.900000000000382 22.9295
46.000000000000384 23.1899
46.100000000000385 23.3619
46.200000000000387 23.3619
46.300000000000388 23.5327
46.400000000000389 23.7865
46.500000000000391 24.0793
46.600000000000392 24.3274
46.700000000000394 24.3274
46.800000000000395 24.4095
46.900000000000396 24.6543
47.000000000000398 24.9368
47.100000000000399 25.1765
47.200000000000401 25.2955
47.300000000000402 25.2955
47.400000000000404 25.5317
47.500000000000405 25.8046
47.600000000000406 26.0363
47.700000000000408 26.2659
47.800000000000409 26.2659
47.900000000000411 26.4557
48.000000000000412 26.6817
48.100000000000414 26.9058
48.200000000000415 27.1649
48.300000000000416 27.2385
48.400000000000418 27.3485
48.500000000000419 27.5671
48.600000000000421 27.7841
48.700000000000422 28.035
48.800000000000423 28.2129
48.900000000000425 28.2484
49.000000000000426 28.4601
49.100000000000428 28.7052
49.200000000000429 28.9136
49.300000000000431 29.1205
49.400000000000432 29.1891
49.500000000000433 29.36
49.600000000000435 29.5976
49.700000000000436 29.7997
49.800000000000438 30.0005
49.900000000000439 30.1668
50.000000000000441 30.2661
50.100000000000442 30.4967
50.200000000000443 30.6929
50.300000000000445 30.8879
50.400000000000446 31.1138
50.500000000000448 31.2101
50.600000000000449 31.4019
50.70000000000045 31.5924
50.800000000000452 31.8134
50.900000000000453 32.0015
51.000000000000455 32.1263
51.100000000000456 32.3126
51.200000000000458 32.4979
51.300000000000459 32.7126
51.40000000000046 32.8956
51.500000000000462 33.0776
51.600000000000463 33.2285
51.700000000000465 33.4386
51.800000000000466 33.6176
51.900000000000468 33.7957
52.000000000000469 34.0023
52.10000000000047 34.1491
52.200000000000472 34.3535
52.300000000000473 34.5278
52.400000000000475 34.7012
52.500000000000476 34.9025
52.600000000000477 35.074
52.700000000000479 35.2447
52.80000000000048 35.4429
52.900000000000482 35.6118
53.000000000000483 35.78
53.100000000000485 35.9752
53.200000000000486 36.1416
53.300000000000487 36.3073
53.400000000000489 36.4997
53.50000000000049 36.6638
53.600000000000492 36.8271
53.700000000000493 37.0168
53.800000000000495 37.1786
53.900000000000496 37.3397
54.000000000000497 37.5267
54.100000000000499 37.6863
54.2000000000005 37.8453
54.300000000000502 38.0298
54.400000000000503 38.1873
54.500000000000504 38.3442
54.600000000000506 38.5264
54.700000000000507 38.6818
54.800000000000509 38.8367
54.90000000000051 38.9653
55.000000000000512 1
55.100000000000513 1
55.200000000000514 1
55.300000000000516 1
55.400000000000517 1
55.500000000000519 2
55.60000000000052 2
55.700000000000522 2
55.800000000000523 2
55.900000000000524 2
56.000000000000526 2
56.100000000000527 4
56.200000000000529 4
56.30000000000053 4
56.400000000000531 4
56.500000000000533 4
56.600000000000534 7
56.700000000000536 8
56.800000000000537 8
56.900000000000539 8
57.00000000000054 8
57.100000000000541 9
57.200000000000543 16
57.300000000000544 16
57.400000000000546 16
57.500000000000547 16
57.600000000000549 16
57.70000000000055 19.1575
57.800000000000551 1
57.900000000000553 1
58.000000000000554 1
58.100000000000556 1
58.200000000000557 1
58.300000000000558 1
58.40000000000056 2
58.500000000000561 2
58.600000000000563 2
58.700000000000564 2
58.800000000000566 2
58.900000000000567 3
59.000000000000568 3
59.10000000000057 3
59.200000000000571 3
59.300000000000573 3
59.400000000000574 3
59.500000000000576 5
59.600000000000577 5
59.700000000000578 5
59.80000000000058 5
59.900000000000581 5
60.000000000000583 5
60.100000000000584 9
60.200000000000585 9
60.300000000000587 9
60.400000000000588 9
60.50000000000059 9
60.600000000000591 1
60.700000000000593 1
60.800000000000594 1
60.900000000000595 1
61.000000000000597 1
61.100000000000598 2
61.2000000000006 2
61.300000000000601 2
61.400000000000603 2
61.500000000000604 2
61.600000000000605 2
61.700000000000607 4
61.800000000000608 4
61.90000000000061 4
62.000000000000611 4
62.100000000000612 4
62.200000000000614 4.92064
62.300000000000615 4.92064
62.400000000000617 4.92064
62.500000000000618 4.92064
62.60000000000062 4.92064
62.700000000000621 5.50703
62.800000000000622 5.68862
62.900000000000624 5.68862
63.000000000000625 5.68862
63.100000000000627 5.68862
63.200000000000628 5.86441
63.30000000000063 6.51909
63.400000000000631 6.51909
63.500000000000632 6.51909
63.600000000000634 6.51909
63.700000000000635 6.51909
63.800000000000637 7.25303
63.900000000000638 7.3909
64.000000000000639 7.3909
64.100000000000634 7.3909
64.200000000000628 7.3909
64.300000000000622 7.78963
64.400000000000617 8.29104
64.500000000000611 8.29104
64.600000000000605 8.29104
64.7000000000006 8.29104
64.800000000000594 8.53053
64.900000000000588 9.21125
65.000000000000583 9.21125
65.100000000000577 9.21125
65.200000000000571 9.21125
65.300000000000566 9.21125
65.40000000000056 9.84449
65.500000000000554 10.1462
65.600000000000549 10.1462
65.700000000000543 10.1462
65.800000000000537 10.1462
65.900000000000531 10.5348
66.000000000000526 11.0921
66.10000000000052 11.0921
66.200000000000514 11.0921
66.300000000000509 11.0921
66.400000000000503 11.2716
66.500000000000497 11.8787
66.600000000000492 12.0464
66.700000000000486 12.0464
66.80000000000048 12.0464
66.900000000000475 12.0464
67.000000000000469 12.616
67.100000000000463 13.0075
67.200000000000458 13.0075
67.300000000000452 13.0075
67.400000000000446 13.0075
67.500000000000441 13.3874
67.600000000000435 13.8295
67.700000000000429 13.9737
67.800000000000423 13.9737
67.900000000000418 13.9737
68.000000000000412 14.1873
68.100000000000406 14.6051
68.200000000000401 14.8771
68.300000000000395 14.8771
68.400000000000389 14.8771
68.500000000000384 14.9443
68.600000000000378 15.4066
68.700000000000372 15.792
68.800000000000367 15.792
68.900000000000361 15.792
69.000000000000355 15.792
69.10000000000035 16.1682
69.200000000000344 16.5359
69.300000000000338 16.7166
69.400000000000333 16.7166
69.500000000000327 16.7166
69.600000000000321 16.9546
69.700000000000315 17.3055
69.80000000000031 17.6494
69.900000000000304 17.6494
70.000000000000298 17.6494
70.100000000000293 17.7625
70.200000000000287 18.0976
70.300000000000281 18.481
70.400000000000276 18.589
70.50000000000027 18.589
70.600000000000264 18.589
70.700000000000259 18.9095
70.800000000000253 19.2766
70.900000000000247 19.5346
71.000000000000242 19.5346
71.100000000000236 19.5346
71.20000000000023 19.7892
71.300000000000225 20.0905
71.400000000000219 20.3874
71.500000000000213 20.4853
71.600000000000207 20.4853
71.700000000000202 20.6314
71.800000000000196 20.9206
71.90000000000019 21.2057
72.000000000000185 21.4405
72.100000000000179 21.4405
72.200000000000173 21.4871
72.300000000000168 21.7649
72.400000000000162 22.0391
72.500000000000156 22.3548
72.600000000000151 22.3995
72.700000000000145 22.3995
72.800000000000139 22.6219
72.900000000000134 22.9295
73.000000000000128 23.1899
73.100000000000122 23.3619
73.200000000000117 23.3619
73.300000000000111 23.4901
73.400000000000105 23.7865
73.500000000000099 24.0377
73.600000000000094 24.2862
73.700000000000088 24.3274
73.800000000000082 24.3685
73.900000000000077 24.6543
74.000000000000071 24.8967
74.100000000000065 25.1765
74.20000000000006 25.2955
74.300000000000054 25.2955
74.400000000000048 25.5317
74.500000000000043 25.7658
74.600000000000037 26.0363
74.700000000000031 26.2659
74.800000000000026 26.2659
74.90000000000002 26.4179
75.000000000000014 26.6442
75.100000000000009 26.9058
75.200000000000003 27.128
75.299999999999997 27.2385
75.399999999999991 27.3118
75.499999999999986 27.5671
75.59999999999998 27.7841
75.699999999999974 27.9993
75.799999999999969 28.2129
75.899999999999963 28.2129
75.999999999999957 28.4601
76.099999999999952 28.6703
76.199999999999946 28.8789
76.29999999999994 29.1205
76.399999999999935 29.1891
76.499999999999929 29.36
76.599999999999923 29.5638
76.699999999999918 29.7661
76.799999999999912 30.0005
76.899999999999906 30.1668
76.999999999999901 30.2661
77.099999999999895 30.4638
77.199999999999889 30.6929
77.299999999999883 30.8879
77.399999999999878 31.0816
77.499999999999872 31.178
77.599999999999866 31.37
77.699999999999861 31.5924
77.799999999999855 31.7819
77.899999999999849 31.9702
77.999999999999844 32.1263
78.099999999999838 32.3126
78.199999999999832 32.4979
78.299999999999827 32.682
78.399999999999821 32.8956
78.499999999999815 33.0776
78.59999999999981 33.2285
78.699999999999804 33.4087
78.799999999999798 33.5879
78.899999999999793 33.7957
78.999999999999787 33.9729
79.099999999999781 34.1491
79.199999999999775 34.3244
79.29999999999977 34.4988
79.399999999999764 34.7012
79.499999999999758 34.8738
79.599999999999753 35.0455
79.699999999999747 35.2447
79.799999999999741 35.4146
79.899999999999736 35.5837
79.99999999999973 35.78
80.099999999999724 35.9473
80.199999999999719 36.1139
80.299999999999713 36.3073
80.399999999999707 36.4723
80.499999999999702 36.6638
80.599999999999696 36.8271
80.69999999999969 36.9897
80.799999999999685 37.1786
80.899999999999679 37.3397
80.999999999999673 37.5001
81.099999999999667 37.6863
81.199999999999662 37.8453
81.299999999999656 38.0035
81.39999999999965 38.1873
81.499999999999645 38.3442
81.599999999999639 38.5004
81.699999999999633 38.6818
81.799999999999628 38.8367
81.899999999999622 38.9653
81.999999999999616 1
82.099999999999611 1
82.199999999999605 1
82.299999999999599 1
82.399999999999594 1
82.499999999999588 1
82.599999999999582 2
82.699999999999577 2
82.799999999999571 2
82.899999999999565 2
82.999999999999559 2
83.099999999999554 4
83.199999999999548 4
83.299999999999542 4
83.399999999999537 4
83.499999999999531 4
83.599999999999525 7
83.69999999999952 8
83.799999999999514 8
83.899999999999508 8
83.999999999999503 8
84.099999999999497 9
84.199999999999491 15
84.299999999999486 16
84.39999999999948 16
84.499999999999474 16
84.599999999999469 16
84.699999999999463 19.1051
84.799999999999457 1
84.899999999999451 1
84.999999999999446 1
85.09999999999944 1
85.199999999999434 1
85.299999999999429 1
85.399999999999423 2
85.499999999999417 2
85.599999999999412 2
85.699999999999406 2
85.7999999999994 2
85.899999999999395 2
85.999999999999389 3
86.099999999999383 3
86.199999999999378 3
86.299999999999372 3
86.399999999999366 3
86.499999999999361 5
86.599999999999355 5
86.699999999999349 5
86.799999999999343 5
86.899999999999338 5
86.999999999999332 5
87.099999999999326 9
87.199999999999321 9
87.299999999999315 9
87.399999999999309 9
87.499999999999304 9
87.599999999999298 1
87.699999999999292 1
87.799999999999287 1
87.899999999999281 1
87.999999999999275 1
88.09999999999927 2
88.199999999999264 2
88.299999999999258 2
88.399999999999253 2
88.499999999999247 2
88.599999999999241 2
88.699999999999235 4
88.79999999999923 4
88.899999999999224 4
88.999999999999218 4
89.099999999999213 4
89.199999999999207 4.92064
89.299999999999201 4.92064
89.399999999999196 4.92064
89.49999999999919 4.92064
89.599999999999184 4.92064
89.699999999999179 5.31903
89.799999999999173 5.68862
89.899999999999167 5.68862
89.999999999999162 5.68862
90.099999999999156 5.68862
90.19999999999915 5.68862
90.299999999999145 6.51909
90.399999999999139 6.51909
90.499999999999133 6.51909
90.599999999999127 6.51909
90.699999999999122 6.51909
90.799999999999116 7.25303
90.89999999999911 7.3909
90.999999999999105 7.3909
91.099999999999099 7.3909
91.199999999999093 7.3909
91.299999999999088 7.78963
91.399999999999082 8.29104
91.499999999999076 8.29104
91.599999999999071 8.29104
91.699999999999065 8.29104
91.799999999999059 8.41165
91.899999999999054 9.10138
91.999999999999048 9.21125
92.099999999999042 9.21125
92.199999999999037 9.21125
92.299999999999031 9.21125
92.399999999999025 9.84449
92.499999999999019 10.1462
92.599999999999014 10.1462
92.699999999999008 10.1462
92.799999999999002 10.1462
92.899999999998997 10.5348
92.999999999998991 11.0921
93.099999999998985 11.0921
93.19999999999898 11.0921
93.299999999998974 11.0921
93.399999999998968 11.2716
93.499999999998963 11.7939
93.599999999998957 12.0464
93.699999999998951 12.0464
93.799999999998946 12.0464
93.89999999999894 12.0464
93.999999999998934 12.5362
94.099999999998929 13.0075
94.199999999998923 13.0075
94.299999999998917 13.0075
94.399999999998911 13.0075
94.499999999998906 13.3123
94.5999999999989 13.8295
94.699999999998894 13.9737
94.799999999998889 13.9737
94.899999999998883 13.9737
94.999999999998877 14.1873
95.099999999998872 14.6051
95.199999999998866 14.8771
95.29999999999886 14.8771
95.399999999998855 14.8771
95.499999999998849 14.9443
95.599999999998843 15.3414
95.699999999998838 15.7285
95.799999999998832 15.792
95.899999999998826 15.792
95.99999999999882 15.792
96.099999999998815 16.1061
96.199999999998809 16.4752
96.299999999998803 16.7166
96.399999999998798 16.7166
96.499999999998792 16.7166
96.599999999998786 16.8954
96.699999999998781 17.3055
96.799999999998775 17.6494
96.899999999998769 17.6494
96.999999999998764 17.6494
97.099999999998758 17.706
97.199999999998752 18.0976
97.299999999998747 18.4267
97.399999999998741 18.589
97.499999999998735 18.589
97.59999999999873 18.589
97.699999999998724 18.9095
97.799999999998718 19.2246
97.899999999998712 19.5346
97.999999999998707 19.5346
98.099999999998701 19.5346
98.199999999998695 19.7386
98.29999999999869 20.0406
98.399999999998684 20.3874
98.499999999998678 20.4853
98.599999999998673 20.4853
98.699999999998667 20.5828
98.799999999998661 20.8727
98.899999999998656 21.2057
98.99999999999865 21.4405
99.099999999998644 21.4405
99.199999999998639 21.4405
99.299999999998633 21.7649
99.399999999998627 22.0391
99.499999999998622 22.31
99.599999999998616 22.3995
99.69999999999861 22.3995
99.799999999998604 22.6219
99.899999999998599 22.8858
99.999999999998593 23.1467
100.09999999999859 23.3619
100.19999999999858 23.3619
100.29999999999858 23.4901
100.39999999999857 23.7444
100.49999999999856 24.0377
100.59999999999856 24.1208
100.69999999999855 24.1208
100.79999999999855 24.1208
100.89999999999854 24.1208
100.99999999999854 24.1208
101.09999999999853 1
101.19999999999852 1
101.29999999999852 1
101.39999999999851 1
101.49999999999851 1
101.5999999999985 1
101.6999999999985 1
101.79999999999849 1
101.89999999999849 1
101.99999999999848 1
102.09999999999847 1
102.19999999999847 1
102.29999999999846 1
102.39999999999846 1
102.49999999999845 1
102.59999999999845 1
102.69999999999844 1
102.79999999999843 1
102.89999999999843 1
102.99999999999842 1
103.09999999999842 1
103.19999999999841 1
103.29999999999841 1
103.3999999999984 1
103.49999999999839 1
103.59999999999839 1
103.69999999999838 1
103.79999999999838 1
103.89999999999837 1
103.99999999999837 1
104.09999999999836 1
104.19999999999835 1
104.29999999999835 1
104.39999999999834 1
104.49999999999834 1
104.59999999999833 1
104.69999999999833 1
104.79999999999832 1
104.89999999999831 1
104.99999999999831 1
105.0999999999983 1
105.1999999999983 1
105.29999999999829 1
105.39999999999829 1
105.49999999999828 1
105.59999999999827 1
105.69999999999827 1
105.79999999999826 1
105.89999999999826 1
105.99999999999825 1
106.09999999999825 1
106.19999999999824 1
106.29999999999824 1
106.39999999999823 1
106.49999999999822 1
106.59999999999822 1
106.69999999999821 1
106.79999999999821 1
106.8999999999982 1
106.9999999999982 1
107.09999999999819 1
107.19999999999818 1
107.29999999999818 1
107.39999999999817 1
107.49999999999817 1
107.59999999999816 1
107.69999999999816 1
107.79999999999815 1
107.89999999999814 1
107.99999999999814 1
108.09999999999813 1
108.19999999999813 1
108.29999999999812 1
108.39999999999812 1
108.49999999999811 1
108.5999999999981 1
108.6999999999981 1
108.79999999999809 1
108.89999999999809 1
108.99999999999808 1
109.09999999999808 1
109.19999999999807 1
109.29999999999806 1
109.39999999999806 1
109.49999999999805 1
109.59999999999805 1
109.69999999999804 1
109.79999999999804 1
109.89999999999803 1
109.99999999999802 1
110.09999999999802 1
110.19999999999801 1
110.29999999999801 1
110.399999999998 1
110.499999999998 1
110.59999999999799 1
110.69999999999798 1
110.79999999999798 1
110.89999999999797 1
110.99999999999797 1
111.09999999999796 1
111.19999999999796 1
111.29999999999795 1
111.39999999999795 1
111.49999999999794 1
111.59999999999793 1
111.69999999999793 1
111.79999999999792 1
111.89999999999792 1
111.99999999999791 1
112.09999999999791 1
112.1999999999979 1
112.29999999999789 1
112.39999999999789 1
112.49999999999788 1
112.59999999999788 1
112.69999999999787 1
112.79999999999787 1
112.89999999999786 1
112.99999999999785 1
113.09999999999785 1
113.19999999999784 1
113.29999999999784 1
113.39999999999783 1
113.49999999999783 1
113.59999999999782 1
113.69999999999781 1
113.79999999999781 1
113.8999999999978 1
113.9999999999978 1
114.09999999999779 1
114.19999999999779 1
114.29999999999778 1
114.39999999999777 1
114.49999999999777 1
114.59999999999776 1
114.69999999999776 1
114.79999999999775 1
114.89999999999775 1
114.99999999999774 1
115.09999999999773 1
115.19999999999773 1
115.29999999999772 1
115.39999999999772 1
115.49999999999771 1
115.59999999999771 1
115.6999999999977 1
115.79999999999769 1
115.89999999999769 1
115.99999999999768 1
116.09999999999768 1
116.19999999999767 1
116.29999999999767 1
116.39999999999766 1
116.49999999999766 1
116.59999999999765 1
116.69999999999764 1
116.79999999999764 1
116.89999999999763 1
116.99999999999763 1
117.09999999999762 1
117.19999999999762 1
117.29999999999761 1
117.3999999999976 1
117.4999999999976 1
117.59999999999759 1
117.69999999999759 1
117.79999999999758 1
117.89999999999758 1
117.99999999999757 1
118.09999999999756 1
118.19999999999756 1
118.29999999999755 1
118.39999999999755 1
118.49999999999754 1
118.59999999999754 1
118.69999999999753 1
118.79999999999752 1
118.89999999999752 1
118.99999999999751 1
119.09999999999751 1
119.1999999999975 1
119.2999999999975 1
119.39999999999749 1
119.49999999999748 1
119.59999999999748 1
119.69999999999747 1
119.79999999999747 1
119.89999999999746 1
119.99999999999746 1
120.09999999999745 1
120.19999999999744 1
120.29999999999744 1
120.39999999999743 1
120.49999999999743 1
120.59999999999742 1
120.69999999999742 1
120.79999999999741 1
120.89999999999741 1
120.9999999999974 1
121.09999999999739 1
121.19999999999739 1
121.29999999999738 1
121.39999999999738 1
121.49999999999737 1
121.59999999999737 1
121.69999999999736 1
121.79999999999735 1
121.89999999999735 1
121.99999999999734 1
122.09999999999734 1
122.19999999999733 1
122.29999999999733 1
122.39999999999732 1
122.49999999999731 1
122.59999999999731 1
122.6999999999973 1
122.7999999999973 1
122.89999999999729 1
122.99999999999729 1
123.09999999999728 1
123.19999999999727 1
123.29999999999727 1
123.39999999999726 1
123.49999999999726 1
123.59999999999725 1
123.69999999999725 1
123.79999999999724 1
123.89999999999723 1
123.99999999999723 1
124.09999999999722 1
124.19999999999722 1
124.29999999999721 1
124.39999999999721 1
124.4999999999972 1
124.59999999999719 1
124.69999999999719 1
124.79999999999718 1
124.89999999999718 1
124.99999999999717 1
