0.10000000000000001 1
0.20000000000000001 1
0.30000000000000004 1
0.40000000000000002 1
0.5 1
0.59999999999999998 1
0.69999999999999996 1
0.79999999999999993 1
0.89999999999999991 1
0.99999999999999989 1
1.0999999999999999 1
1.2 2
1.3 2
1.4000000000000001 3
1.5000000000000002 4
1.6000000000000003 5
1.7000000000000004 6
1.8000000000000005 7
1.9000000000000006 9
2.0000000000000004 13
2.1000000000000005 15
2.2000000000000006 19
2.3000000000000007 20.1496
2.4000000000000008 20.4456
2.5000000000000009 20.8336
2.600000000000001 21.0725
2.7000000000000011 21.3557
2.8000000000000012 21.6351
2.9000000000000012 21.911
3.0000000000000013 22.2285
3.1000000000000014 22.4525
3.2000000000000015 22.7184
3.3000000000000016 22.9813
3.4000000000000017 23.2411
3.5000000000000018 23.5832
3.6000000000000019 23.7523
3.700000000000002 24.0038
3.800000000000002 24.2939
3.9000000000000021 24.5399
4.0000000000000018 24.8237
4.1000000000000014 24.9845
4.2000000000000011 25.2236
4.3000000000000007 25.2236
4.4000000000000004 1
4.5 1
4.5999999999999996 1
4.6999999999999993 1
4.7999999999999989 1
4.8999999999999986 1
4.9999999999999982 1
